1 3 9347 13288 13432 
1 4 9347 6257 13433 6389 
1 7 13432 6389 13428 13427 13431 317 13425 
1 5 3326 13444 309 13438 11388 
1 3 11388 13442 11233 
1 5 13442 11264 13417 13440 11360 
1 3 13437 241 3326 
1 2 13436 241 
3 5 9347 6298 13260 13450 13448 
3 4 13448 6377 3271 3326 
2 3 526 13420 13447 
3 2 13447 6377 
3 2 13448 6218 
2 2 6218 13257 
1 6 13435 374 13449 6349 6325 9347 
2 4 3522 13581 13305 6521 
3 2 13299 6521 
3 3 13299 13576 6521 
3 10 9347 9320 13434 13308 9294 13579 11219 375 13303 6521 
2 7 9388 3340 3258 13573 3367 11444 13299 
2 5 321 13307 13570 268 13573 
1 4 9388 13310 349 3312 
1 2 13440 13437 
3 5 13576 3499 13591 11545 3535 
2 4 526 9375 13291 3522 
2 4 13257 13258 13259 3522 
2 3 13291 9560 11545 
3 4 3535 13296 11481 13586 
3 5 13586 514 13297 9428 13299 
3 4 3535 13589 9441 13588 
2 4 9441 13295 9471 11481 
3 5 3535 13596 538 13294 3561 
3 6 13448 13420 11493 11402 13594 3561 
2 7 3535 13293 13597 6582 13595 13446 11402 
3 5 13588 13278 11404 9416 11544 
3 5 13278 586 13604 13606 3541 
2 3 532 13280 3541 
3 4 3541 13605 13603 11544 
3 5 3541 9515 13287 13285 692 
3 7 692 13608 13286 708 13271 11499 9517 
2 4 11544 561 13279 13286 
1 3 708 3690 13613 
2 4 692 11653 13283 707 
3 4 11544 13276 9572 13275 
3 6 11544 13602 11529 6555 13611 9517 
3 3 9517 13265 3530 
3 5 3530 6542 6712 13266 11640 
2 5 13268 694 13610 13270 9517 
1 3 11640 3679 13268 
3 2 3530 6568 
1 3 13608 9666 9655 
2 6 13275 13600 13277 13116 425 3561 
